Player	TEAM	AGE	GP	W	L	MIN	FGM	FGA	FG%	3PM	3PA	3P%	FTM	FTA	FT%	OREB	DREB	REB	AST	TOV	STL	BLK	PF	DD2	TD3	PTS	+/-
Michael Jordan
CHI	34	82	69	13	39.1	11.2	23.1	48.6	1.4	3.6	37.4	5.9	7.0	83.3	1.4	4.5	5.9	4.3	2.0	1.7	0.5	1.9	9	1	29.6	10.0
Glen Rice
CHH	30	79	52	27	43.9	9.1	19.2	47.7	2.6	5.6	47.0	5.9	6.8	86.7	0.8	3.2	4.0	2.0	2.2	0.9	0.3	2.4	0	0	26.8	2.2
Mitch Richmond
SAC	32	81	34	47	39.8	8.9	19.5	45.4	2.5	5.9	42.8	5.6	6.6	86.1	0.7	3.2	3.9	4.2	2.9	1.5	0.3	2.6	4	1	25.9	-1.3
Latrell Sprewell
GSW	26	80	29	51	43.2	8.1	18.1	44.9	1.8	5.2	35.4	6.2	7.3	84.3	0.7	3.9	4.6	6.3	4.0	1.7	0.6	1.9	15	1	24.2	-2.7
Allen Iverson
PHI	22	76	20	56	41.1	8.2	19.8	41.6	2.0	6.0	34.1	5.0	7.2	70.2	1.5	2.6	4.1	7.5	4.4	2.1	0.3	2.9	19	0	23.5	-5.8
Gary Payton
SEA	28	82	57	25	40.6	8.6	18.1	47.6	1.5	4.6	31.3	3.1	4.3	71.5	1.3	3.3	4.6	7.1	2.6	2.4	0.2	2.5	19	2	21.8	7.6
Kendall Gill
NJN	29	82	26	56	40.2	7.9	17.7	44.3	0.9	2.7	33.6	5.2	6.5	79.7	2.2	3.9	6.1	4.0	2.7	1.9	0.6	2.6	9	0	21.8	-2.3
Reggie Miller
IND	31	81	38	43	38.0	6.8	15.4	44.4	2.8	6.6	42.7	5.2	5.9	88.0	0.7	2.9	3.5	3.4	2.0	0.9	0.3	2.0	1	0	21.6	1.2
Grant Hill
DET	24	80	52	28	40.5	7.8	15.7	49.6	0.1	0.4	30.3	5.6	7.9	71.1	1.5	7.5	9.0	7.3	3.2	1.8	0.6	2.2	36	13	21.4	5.2
Jerry Stackhouse
PHI	22	81	22	59	40.2	6.6	16.1	40.7	1.3	4.2	29.8	6.3	8.2	76.6	1.9	2.2	4.2	3.1	3.9	1.1	0.8	2.6	1	0	20.7	-5.4
Anfernee Hardaway
ORL	25	59	38	21	38.8	7.1	15.9	44.7	1.4	4.5	31.8	4.8	5.8	82.0	1.4	3.1	4.5	5.6	2.5	1.6	0.6	2.1	2	0	20.5	3.4
Tim Hardaway
MIA	30	81	60	21	40.0	7.1	17.1	41.5	2.5	7.3	34.4	3.6	4.5	79.9	0.6	2.8	3.4	8.6	2.8	1.9	0.1	1.9	25	0	20.3	6.6
Scottie Pippen
CHI	31	82	69	13	38.9	7.9	16.7	47.4	1.9	5.2	36.8	2.5	3.5	70.1	2.0	4.5	6.5	5.7	2.6	1.9	0.5	2.5	14	0	20.2	9.8
Damon Stoudamire
TOR	23	81	30	51	42.1	7.0	17.4	40.1	2.2	6.1	35.5	4.1	5.0	82.3	1.1	3.0	4.1	8.8	3.6	1.5	0.2	2.0	33	2	20.2	-2.6
Kevin Johnson
PHX	31	70	39	31	39.0	6.3	12.7	49.6	1.3	2.9	44.1	6.3	7.4	85.2	0.8	2.8	3.6	9.3	3.1	1.5	0.2	2.0	30	2	20.1	2.1
Steven Smith
ATL	28	72	50	22	40.2	6.8	15.9	42.9	1.8	5.4	33.5	4.6	5.5	84.7	1.3	2.1	3.3	4.2	2.4	0.9	0.3	2.3	2	0	20.1	4.8
Terrell Brandon
CLE	27	78	40	38	38.0	7.4	16.8	43.8	1.3	3.5	37.3	3.4	3.8	90.2	0.6	3.2	3.9	6.3	2.3	1.8	0.4	2.1	8	0	19.5	1.6
Clyde Drexler
HOU	35	62	46	16	37.7	6.4	14.5	44.2	1.9	5.4	35.5	3.2	4.3	75.0	1.9	4.1	6.0	5.7	2.5	2.0	0.6	2.2	10	3	18.0	5.9
Kenny Anderson
POR	26	82	49	33	38.8	5.9	13.9	42.7	1.6	4.5	36.1	4.1	5.3	76.8	1.1	3.3	4.4	7.1	2.4	2.0	0.2	2.5	13	0	17.5	4.2
Mookie Blaylock
ATL	30	78	53	25	40.2	6.4	14.9	43.2	2.8	7.7	36.6	1.7	2.2	75.3	1.5	3.8	5.3	5.9	2.4	2.7	0.3	1.8	14	0	17.4	7.5
Rod Strickland
WAS	30	82	44	38	37.8	6.3	13.5	46.6	0.2	0.9	16.9	4.5	6.1	73.8	1.2	2.9	4.1	8.9	3.3	1.7	0.2	1.9	31	0	17.2	1.0
Eddie Jones
LAL	25	80	54	26	38.6	5.9	13.5	43.8	1.9	4.9	39.1	3.5	4.2	81.9	1.1	3.0	4.1	3.4	2.1	2.4	0.6	2.7	1	0	17.2	3.3
David Wesley
BOS	26	74	13	61	41.7	6.2	13.2	46.8	1.4	3.9	36.0	3.0	3.9	78.1	0.9	2.7	3.6	7.3	2.9	2.2	0.2	2.8	15	0	16.8	-5.5
Dale Ellis
DEN	36	82	21	61	37.1	5.8	14.0	41.4	2.3	6.4	36.4	2.6	3.2	81.7	1.2	2.4	3.6	2.0	1.8	0.7	0.1	2.1	1	0	16.6	-6.0
Walt Williams
TOR	27	73	28	45	37.4	5.7	13.5	42.7	2.4	6.0	40.0	2.5	3.3	76.5	1.4	3.6	5.0	2.7	2.4	1.3	0.8	3.6	2	0	16.4	-0.7
Kerry Kittles
NJN	23	82	26	56	37.9	6.2	14.5	42.6	1.9	5.1	37.7	2.1	2.8	77.1	1.3	2.6	3.9	3.0	1.5	1.9	0.4	1.9	0	0	16.4	-3.2
Isaiah Rider
POR	26	76	44	32	34.9	6.0	12.9	46.4	1.3	3.4	38.5	2.8	3.4	81.2	1.2	2.8	4.0	2.6	2.8	0.6	0.3	2.4	2	0	16.1	2.6
Sam Cassell
NJN	27	61	20	41	28.9	5.5	12.8	43.0	1.3	3.8	35.1	3.5	4.1	84.5	0.8	2.2	3.0	5.0	2.8	1.3	0.3	2.9	7	0	15.9	-1.1
Jim Jackson
NJN	26	77	26	51	37.9	5.8	13.4	43.1	1.1	3.2	34.8	3.3	4.0	81.3	1.7	3.6	5.3	4.1	2.7	1.1	0.4	2.4	7	2	15.9	-5.7
Stephon Marbury
MIN	20	67	32	35	35.6	5.3	13.0	40.8	1.5	4.3	35.4	3.7	5.0	72.7	0.8	1.9	2.7	7.8	3.1	1.0	0.3	2.2	15	0	15.8	-2.3
Rick Fox
BOS	27	76	14	62	35.9	5.7	12.5	45.6	1.3	3.7	36.3	2.7	3.5	78.7	1.5	3.7	5.2	3.8	2.3	2.2	0.5	3.4	4	0	15.4	-4.6
Nick Van Exel
LAL	25	79	54	25	38.5	5.5	13.6	40.2	2.2	5.9	37.8	2.1	2.5	82.5	0.6	2.3	2.9	8.5	2.7	0.9	0.1	1.3	18	0	15.3	3.2
Michael Finley
DAL	24	83	23	60	34.6	5.7	12.9	44.4	1.2	3.4	36.1	2.4	3.0	80.8	1.1	3.4	4.5	2.7	2.0	0.8	0.3	1.6	1	0	15.0	-3.8
Bryant Stith
DEN	26	52	13	39	35.6	4.8	11.6	41.6	1.3	3.5	38.5	3.9	4.5	86.3	1.4	2.8	4.2	2.6	1.9	1.2	0.4	2.2	0	0	14.9	-3.2
Dell Curry
CHH	33	68	43	25	31.6	5.6	12.3	46.0	1.9	4.4	42.6	1.7	2.1	80.3	0.6	2.5	3.1	1.7	1.4	0.9	0.2	2.1	0	0	14.8	0.8
Allan Houston
NYK	26	81	56	25	34.3	5.4	12.7	42.3	1.8	4.7	38.5	2.2	2.7	80.3	0.5	2.4	3.0	2.2	2.1	0.5	0.2	2.6	0	0	14.8	1.3
Joe Dumars
DET	34	79	53	26	38.1	4.9	11.1	44.0	2.1	4.9	43.2	2.8	3.3	86.4	0.5	1.9	2.4	4.0	1.6	0.7	0.0	1.2	0	0	14.7	4.1
Jeff Hornacek
UTA	34	82	64	18	32.9	5.0	10.4	48.3	0.9	2.4	36.9	3.6	4.0	89.9	0.7	2.2	2.9	4.4	1.6	1.5	0.3	2.1	1	0	14.5	9.5
Chris Mullin
GSW	33	79	27	52	35.7	5.5	10.0	55.3	1.1	2.6	41.1	2.3	2.7	86.4	0.9	3.1	4.0	4.1	2.4	1.6	0.4	1.9	3	2	14.5	-3.4
Anthony Peeler
VAN	27	72	12	60	32.7	5.6	14.0	39.8	1.8	4.8	37.3	1.5	1.8	82.0	0.8	2.7	3.4	3.6	2.2	1.5	0.2	2.1	1	0	14.5	-6.3
Doug Christie
TOR	27	81	29	52	39.8	4.9	11.7	41.7	1.8	4.7	38.4	2.9	3.8	77.5	1.0	4.3	5.3	3.9	2.5	2.5	0.6	2.9	7	0	14.5	-1.5
Todd Day
BOS	27	81	14	67	29.2	4.9	12.3	39.8	1.6	4.3	36.2	3.2	4.1	77.3	1.3	2.7	4.1	1.4	1.6	1.3	0.6	2.5	1	0	14.5	-3.6
John Stockton
UTA	35	82	64	18	36.5	5.1	9.3	54.8	0.9	2.2	42.2	3.4	4.0	84.6	0.5	2.2	2.8	10.5	3.0	2.0	0.2	2.2	41	0	14.4	8.0
Robert Pack
DAL	28	54	12	42	34.0	5.0	12.8	39.2	0.6	2.1	27.7	3.6	4.5	80.7	0.5	2.2	2.7	8.4	4.0	1.7	0.1	2.5	13	0	14.3	-5.0
Lindsey Hunter
DET	26	82	54	28	38.0	5.1	12.7	40.4	2.0	5.7	35.5	1.9	2.5	77.8	0.7	2.1	2.8	1.9	1.2	1.6	0.3	2.4	0	0	14.2	3.0
Hersey Hawkins
SEA	30	82	57	25	34.8	4.5	9.7	46.4	1.7	4.3	40.3	3.1	3.6	87.5	1.1	2.8	3.9	3.0	1.6	1.9	0.1	1.7	1	0	13.9	6.6
Rex Chapman
PHX	29	65	31	34	29.1	5.1	11.5	44.3	1.7	4.8	35.0	1.9	2.3	83.2	0.4	2.4	2.8	2.8	1.5	0.8	0.1	1.6	0	0	13.8	1.5
John Starks
NYK	31	77	55	22	27.8	4.8	11.1	43.1	1.9	5.3	36.9	2.2	2.9	76.9	0.5	2.2	2.7	2.8	2.1	1.2	0.1	2.5	0	0	13.8	2.7
Mahmoud Abdul-Rauf
SAC	28	75	32	43	29.3	5.5	12.3	44.5	1.3	3.3	38.2	1.5	1.8	84.6	0.2	1.4	1.6	2.5	1.6	0.7	0.1	2.2	0	0	13.7	-2.0
George McCloud
LAL	30	41	15	26	30.4	5.0	11.7	42.2	1.9	5.0	37.7	1.9	2.2	83.7	0.7	2.8	3.5	2.2	1.2	1.3	0.2	2.4	0	0	13.7	-1.7
