Player	TEAM	AGE	GP	W	L	MIN	FGM	FGA	FG%	3PM	3PA	3P%	FTM	FTA	FT%	OREB	DREB	REB	AST	TOV	STL	BLK	PF	DD2	TD3	PTS	+/-
Michael Jordan
CHI	35	82	62	20	38.8	10.7	23.1	46.5	0.4	1.5	23.8	6.9	8.8	78.4	1.6	4.2	5.8	3.5	2.3	1.7	0.5	1.8	5	0	28.7	7.3
Mitch Richmond
SAC	33	70	26	44	36.7	7.8	17.4	44.5	1.9	4.8	38.9	5.8	6.7	86.4	0.7	2.6	3.3	4.0	2.6	1.3	0.2	2.2	1	0	23.2	-1.9
Glen Rice
CHH	31	82	51	31	40.2	7.7	16.9	45.7	1.6	3.7	43.3	5.2	6.1	84.9	1.1	3.2	4.3	2.2	2.2	0.9	0.3	2.4	2	0	22.3	2.1
Allen Iverson
PHI	23	80	31	49	39.4	8.1	17.6	46.1	0.9	2.9	29.8	4.9	6.7	72.9	1.1	2.6	3.7	6.2	3.1	2.2	0.3	2.5	12	0	22.0	-1.2
Michael Finley
DAL	25	82	20	62	41.5	8.2	18.4	44.9	1.1	3.0	35.7	4.0	5.1	78.4	1.8	3.5	5.3	4.9	2.7	1.6	0.4	2.0	9	1	21.5	-5.0
Latrell Sprewell
GSW	27	14	1	13	39.1	7.9	19.8	39.7	0.6	3.4	18.8	5.0	6.7	74.5	0.5	3.1	3.6	4.9	3.1	1.4	0.4	1.9	0	0	21.4	-12.9
Steven Smith
ATL	29	73	45	28	39.1	6.7	15.1	44.4	1.3	3.8	35.1	5.3	6.2	85.5	1.8	2.4	4.2	4.0	2.4	1.0	0.4	3.0	1	0	20.1	2.8
Isaiah Rider
POR	27	74	41	33	37.7	7.4	17.6	42.3	1.8	5.7	32.1	3.0	3.6	82.8	1.3	3.3	4.7	3.1	2.5	0.7	0.3	2.5	3	0	19.7	1.2
Sam Cassell
NJN	28	75	38	37	34.7	6.8	15.4	44.1	0.2	1.1	18.8	5.8	6.8	86.0	1.0	2.1	3.0	8.0	3.6	1.6	0.3	3.5	20	0	19.6	1.8
Reggie Miller
IND	32	81	58	23	34.5	6.4	13.3	47.7	2.0	4.7	42.9	4.7	5.4	86.8	0.6	2.3	2.9	2.1	1.6	1.0	0.1	1.8	0	0	19.5	6.5
Ray Allen
MIL	22	82	36	46	40.1	6.9	16.0	42.8	1.6	4.5	36.4	4.2	4.8	87.5	1.5	3.4	4.9	4.3	3.2	1.4	0.1	3.0	8	0	19.5	-0.9
Scottie Pippen
CHI	32	44	36	8	37.6	7.2	16.0	44.8	1.4	4.4	31.8	3.4	4.4	77.7	1.2	4.0	5.2	5.8	2.5	1.8	1.0	2.6	4	0	19.2	7.4
Gary Payton
SEA	29	82	61	21	38.4	7.1	15.6	45.3	1.6	4.8	33.8	3.4	4.6	74.4	0.9	3.6	4.6	8.3	2.8	2.3	0.2	2.4	28	1	19.2	7.6
Tim Hardaway
MIA	31	81	55	26	37.4	6.9	16.0	43.1	1.9	5.5	35.1	3.2	4.1	78.1	0.6	3.1	3.7	8.3	2.8	1.7	0.2	2.5	35	0	18.9	5.6
Clyde Drexler
HOU	36	70	39	31	35.4	6.5	15.1	42.7	1.5	4.8	31.7	4.0	4.9	80.1	1.5	3.4	4.9	5.5	2.7	1.8	0.6	2.8	11	0	18.4	1.0
Allan Houston
NYK	27	82	43	39	34.7	7.0	15.6	44.7	1.0	2.6	38.5	3.5	4.1	85.1	0.5	2.8	3.3	2.6	2.4	0.8	0.3	2.5	1	0	18.4	1.6
Rod Strickland
WAS	31	76	38	38	39.7	6.4	14.9	43.4	0.2	0.6	25.0	4.7	6.5	72.6	1.5	3.9	5.3	10.5	3.5	1.7	0.3	2.4	42	3	17.8	1.3
Stephon Marbury
MIN	21	82	45	37	38.0	6.3	15.1	41.5	1.2	3.7	31.3	4.0	5.5	73.1	0.7	2.1	2.8	8.6	3.1	1.3	0.1	2.7	27	0	17.7	0.3
Damon Stoudamire
POR	24	71	24	47	40.0	6.3	15.4	41.0	1.3	4.3	29.7	3.4	4.0	82.9	1.2	3.0	4.2	8.2	3.1	1.6	0.1	2.1	21	0	17.2	-3.5
Kerry Kittles
NJN	24	77	40	37	36.5	6.6	15.0	44.0	1.4	3.4	41.8	2.6	3.2	80.8	1.7	3.0	4.7	2.3	1.4	1.7	0.5	2.0	7	0	17.2	1.9
Terrell Brandon
MIL	28	50	27	23	35.7	6.8	14.6	46.4	0.6	1.9	33.3	2.6	3.1	84.6	0.5	3.1	3.5	7.7	2.9	2.2	0.3	2.4	13	0	16.8	2.3
Eddie Jones
LAL	26	80	60	20	36.4	6.1	12.6	48.4	1.8	4.6	38.9	2.9	3.8	76.3	1.1	2.7	3.8	3.1	1.8	2.0	0.7	2.1	1	0	16.8	7.6
Doug Christie
TOR	28	78	15	63	37.7	5.9	13.7	42.8	1.3	3.9	32.6	3.5	4.2	82.9	1.2	4.0	5.2	3.6	2.9	2.4	0.7	2.5	1	0	16.5	-6.2
Anfernee Hardaway
ORL	26	19	10	9	33.1	5.4	14.4	37.7	0.8	2.6	30.0	4.7	6.2	76.3	0.4	3.6	4.0	3.6	2.4	1.5	0.8	2.4	0	0	16.4	-3.3
Rex Chapman
PHX	30	68	46	22	33.3	6.0	14.1	42.7	1.8	4.6	38.6	2.1	2.8	78.1	0.4	2.1	2.5	3.0	1.7	1.0	0.2	1.5	0	0	15.9	2.4
Jerry Stackhouse
DET	23	79	32	47	32.2	5.4	12.3	43.5	0.6	2.5	24.1	4.5	5.7	78.7	1.3	2.0	3.4	3.1	2.8	1.1	0.7	2.2	0	0	15.8	-0.2
Jim Jackson
GSW	27	79	24	55	38.6	6.0	14.0	43.0	0.8	2.4	31.9	2.9	3.6	81.2	1.6	3.4	5.1	4.8	3.3	1.0	0.1	2.4	3	0	15.7	-3.8
Kobe Bryant
LAL	19	79	58	21	26.1	4.9	11.6	42.8	0.9	2.8	34.1	4.6	5.8	79.4	1.0	2.1	3.1	2.5	2.0	0.9	0.5	2.3	0	0	15.4	3.3
Nick Anderson
ORL	30	58	31	27	29.4	5.9	13.0	45.5	1.3	3.7	36.0	2.2	3.4	63.8	1.7	3.4	5.1	2.1	1.5	1.2	0.4	1.7	4	0	15.3	0.2
Ron Mercer
BOS	22	80	35	45	33.2	6.4	14.3	45.0	0.0	0.4	10.7	2.4	2.8	83.9	1.4	2.1	3.5	2.2	1.7	1.6	0.2	2.7	0	0	15.3	-1.3
Johnny Newman
DEN	34	74	11	63	29.5	4.6	10.8	43.1	0.5	1.4	34.3	4.9	6.0	82.0	0.7	1.2	1.9	1.9	2.0	1.0	0.3	2.8	0	0	14.7	-6.5
Wesley Person
CLE	27	82	47	35	39.0	5.4	11.7	46.0	2.3	5.5	43.0	1.6	2.1	77.6	0.8	3.6	4.4	2.3	1.3	1.6	0.6	1.3	0	0	14.7	2.0
Jeff Hornacek
UTA	35	80	60	20	30.8	5.0	10.4	48.2	0.7	1.6	44.1	3.6	4.0	88.5	0.8	2.6	3.4	4.4	1.7	1.4	0.2	2.2	1	0	14.2	5.8
Nick Van Exel
LAL	26	64	47	17	32.0	4.9	11.6	41.9	1.9	4.9	38.9	2.1	2.7	79.1	0.5	2.5	3.0	6.9	1.6	1.0	0.1	1.9	10	0	13.8	5.0
Kendall Gill
NJN	30	81	42	39	33.8	5.2	12.0	42.9	0.3	1.2	25.7	2.8	4.0	68.8	1.4	3.4	4.8	2.5	1.5	1.9	0.8	3.3	1	0	13.4	0.6
Toni Kukoc
CHI	29	74	57	17	30.2	5.2	11.4	45.5	0.9	2.4	36.2	2.1	3.0	70.8	1.6	2.8	4.4	4.2	2.1	1.0	0.5	2.0	5	0	13.3	6.3
Mookie Blaylock
ATL	31	70	44	26	38.5	5.3	13.4	39.2	1.3	4.8	26.9	1.4	1.9	70.9	1.2	3.7	4.9	6.7	2.5	2.6	0.3	1.7	9	2	13.2	5.9
Joe Dumars
DET	35	72	34	38	32.3	4.6	11.0	41.6	2.2	5.9	37.1	1.8	2.1	82.5	0.2	1.3	1.4	3.5	1.2	0.6	0.0	1.4	1	0	13.1	0.4
David Wesley
CHH	27	81	50	31	35.1	4.7	10.7	44.3	0.7	2.1	34.7	2.8	3.6	79.5	0.6	2.0	2.6	6.5	2.8	1.7	0.4	2.8	11	0	13.0	1.7
John Starks
NYK	32	82	43	39	26.7	4.5	11.5	39.3	1.6	4.8	32.7	2.3	2.9	78.7	0.6	2.2	2.8	2.7	1.7	1.0	0.1	2.5	0	0	12.9	1.1
Calbert Cheaney
WAS	26	82	42	40	34.6	5.5	12.0	45.7	0.2	0.6	28.3	1.7	2.6	64.7	1.0	3.0	4.0	2.1	1.3	1.2	0.4	3.2	0	0	12.8	-0.1
Voshon Lenard
MIA	25	81	54	27	32.3	4.5	10.5	42.5	1.9	4.7	40.5	1.7	2.2	78.8	0.9	2.7	3.6	2.2	1.2	0.7	0.2	2.7	1	0	12.6	4.6
Anthony Peeler
MIN	28	38	19	19	31.4	5.0	11.1	45.2	1.4	3.3	42.4	0.9	1.2	76.6	1.0	2.3	3.2	3.6	1.3	1.6	0.2	2.6	0	0	12.3	0.1
Kenny Anderson
BOS	27	61	33	28	30.5	4.4	11.0	39.8	0.9	2.6	35.6	2.5	3.2	78.9	0.6	2.2	2.8	5.7	2.3	1.4	0.0	2.2	6	0	12.2	0.3
Lindsey Hunter
DET	27	71	30	41	35.3	4.5	11.6	38.3	1.2	3.7	32.1	2.0	2.8	74.0	0.9	2.6	3.5	3.2	1.5	1.7	0.1	2.4	1	0	12.1	-0.2
John Stockton
UTA	36	64	51	13	29.0	4.2	8.0	52.8	0.6	1.4	42.9	3.0	3.6	82.7	0.5	2.0	2.6	8.5	2.5	1.4	0.2	2.2	17	0	12.0	7.8
Dale Ellis
SEA	37	79	59	20	24.6	4.4	8.9	49.6	1.6	3.5	46.0	1.4	1.8	78.2	0.6	1.7	2.3	1.1	0.9	0.8	0.1	1.6	0	0	11.8	4.4
Derek Anderson
CLE	23	66	40	26	27.8	3.6	8.9	40.8	0.3	1.3	20.2	4.2	4.8	87.3	0.8	2.0	2.8	3.4	1.9	1.3	0.2	2.1	1	0	11.7	1.6
Bobby Jackson
DEN	25	68	8	60	30.1	4.6	11.6	39.2	0.3	1.2	25.9	2.2	2.7	81.4	1.1	3.3	4.4	4.7	2.7	1.5	0.2	2.4	5	0	11.6	-7.2
Jason Kidd
PHX	25	82	56	26	38.1	4.4	10.5	41.6	0.9	2.8	31.3	2.0	2.5	79.9	1.3	4.9	6.2	9.1	3.2	2.0	0.3	1.7	30	4	11.6	3.7
